,packet_id_history,packets_per_sec,drop_id_history,drops_per_sec
0,90,90,89,89
1,179,89,179,90
2,267,88,266,87
3,354,87,353,87
4,439,85,439,86
5,525,86,525,86
6,613,88,612,87
7,698,85,697,85
8,784,86,783,86
9,870,86,870,87
10,960,90,959,89
