,packet_id_history,packets_per_sec,drop_id_history,drops_per_sec
0,88,88,88,88
1,177,89,177,89
2,266,89,266,89
3,355,89,354,88
4,443,88,442,88
5,457,14,457,15
6,542,85,542,85
7,628,86,627,85
8,713,85,712,85
9,799,86,798,86
10,886,87,885,87
11,972,86,972,87
12,1059,87,1058,86
13,1144,85,1144,86
14,1231,87,1231,87
15,1319,88,1319,88
