,packet_id_history,packets_per_sec,drop_id_history,drops_per_sec
0,86,86,86,86
1,171,85,171,85
2,171,0,171,0
3,171,0,171,0
4,255,84,254,83
5,342,87,342,88
6,431,89,431,89
7,517,86,517,86
8,605,88,605,88
9,691,86,690,85
10,780,89,779,89
11,866,86,866,87
12,954,88,954,88
13,1040,86,1040,86
14,1128,88,1128,88
15,1212,84,1212,84
16,1300,88,1300,88
17,1387,87,1387,87
