,packet_id_history,packets_per_sec,drop_id_history,drops_per_sec
0,89,89,89,89
1,178,89,178,89
2,262,84,262,84
3,337,75,336,74
4,413,76,412,76
5,490,77,489,77
6,576,86,576,87
7,662,86,662,86
8,746,84,745,83
9,834,88,834,89
10,921,87,921,87
