,packet_id_history,packets_per_sec,drop_id_history,drops_per_sec
0,88,88,87,87
1,173,85,173,86
2,261,88,260,87
3,347,86,347,87
4,435,88,434,87
5,523,88,522,88
6,610,87,610,88
7,698,88,698,88
8,788,90,787,89
9,875,87,875,88
10,956,81,956,81
11,1036,80,1036,80
12,1037,1,1037,1
13,1037,0,1037,0
14,1037,0,1037,0
15,1037,0,1037,0
16,1124,87,1124,87
