,dropid_history,drops_per_sec
0,86,86
1,172,86
2,260,88
3,346,86
4,432,86
5,520,88
6,606,86
7,693,87
8,782,89
9,869,87
10,950,81
11,1029,79
12,1037,8
13,1037,0
14,1037,0
15,1037,0
16,1111,74
17,1198,87
