,dropid_history,drops_per_sec
0,85,85
1,171,86
2,258,87
3,345,87
4,431,86
5,516,85
6,604,88
7,689,85
8,696,7
9,696,0
10,767,71
11,843,76
12,925,82
13,1011,86
14,1098,87
15,1184,86
16,1196,12
17,1196,0
18,1196,0
19,1196,0
20,1196,0
21,1196,0
22,1270,74
23,1356,86
24,1443,87
25,1532,89
