,dropid_history,drops_per_sec
0,88,88
1,173,85
2,262,89
3,349,87
4,435,86
5,522,87
6,609,87
7,695,86
8,784,89
9,871,87
10,959,88
11,1045,86
12,1131,86
13,1216,85
14,1224,8
15,1224,0
16,1298,74
17,1386,88
18,1475,89
19,1563,88
20,1651,88
21,1736,85
22,1823,87
23,1911,88
24,1999,88
25,2085,86
26,2105,20
27,2105,0
28,2105,0
29,2105,0
30,2105,0
31,2105,0
