,packet_id_history,packets_per_sec,drop_id_history,drops_per_sec
0,10,10,10,10
1,19,9,19,9
2,28,9,28,9
3,36,8,36,8
4,45,9,45,9
5,55,10,55,10
6,64,9,64,9
7,74,10,74,10
8,83,9,83,9
9,92,9,92,9
10,101,9,101,9
11,111,10,111,10
12,120,9,120,9
13,130,10,130,10
14,139,9,139,9
15,146,7,146,7
16,158,12,158,12
17,167,9,167,9
18,176,9,176,9
19,185,9,185,9
20,195,10,195,10
21,204,9,204,9
22,214,10,214,10
23,224,10,224,10
