,packet_id_history,packets_per_sec,drop_id_history,drops_per_sec
0,10,10,10,10
1,20,10,20,10
2,28,8,28,8
3,38,10,38,10
4,47,9,47,9
5,56,9,56,9
6,65,9,65,9
7,74,9,74,9
8,84,10,84,10
9,93,9,93,9
10,103,10,103,10
11,112,9,112,9
12,120,8,120,8
13,130,10,130,10
14,139,9,139,9
15,147,8,147,8
16,156,9,156,9
17,165,9,165,9
18,173,8,173,8
19,183,10,183,10
20,189,6,189,6
21,202,13,202,13
22,211,9,211,9
23,220,9,220,9
24,229,9,229,9
25,238,9,238,9
