,packet_id_history,packets_per_sec,drop_id_history,drops_per_sec
0,16,16,16,16
1,31,15,31,15
2,45,14,45,14
3,60,15,60,15
4,76,16,76,16
5,92,16,92,16
6,107,15,107,15
7,122,15,122,15
8,139,17,139,17
9,155,16,155,16
10,173,18,173,18
