,dropid_history,drops_per_sec
0,9,9
1,17,8
2,25,8
3,34,9
4,42,8
5,51,9
6,60,9
7,68,8
8,76,8
9,83,7
10,89,6
11,97,8
12,106,9
13,114,8
14,123,9
15,131,8
16,140,9
17,148,8
18,157,9
19,166,9
20,175,9
21,183,8
22,192,9
23,200,8
24,209,9
25,217,8
26,226,9
27,235,9
28,243,8
29,253,10
30,262,9
