,dropid_history,drops_per_sec
0,16,16
1,32,16
2,45,13
3,59,14
4,75,16
5,91,16
6,106,15
7,121,15
8,137,16
9,154,17
10,171,17
