,dropid_history,drops_per_sec
0,9,9
1,18,9
2,27,9
3,35,8
4,44,9
5,52,8
6,61,9
7,69,8
8,77,8
9,84,7
10,90,6
11,97,7
12,105,8
13,113,8
14,122,9
15,130,8
16,139,9
17,147,8
18,156,9
19,165,9
20,173,8
21,182,9
22,190,8
23,200,10
24,208,8
25,216,8
26,225,9
27,233,8
28,242,9
29,251,9
30,260,9
31,268,8
32,277,9
