,dropid_history,drops_per_sec
0,15,15
1,29,14
2,43,14
3,58,15
4,74,16
5,87,13
6,102,15
7,117,15
8,134,17
9,151,17
