,dropid_history,drops_per_sec
0,9,9
1,18,9
2,26,8
3,35,9
4,43,8
5,52,9
6,60,8
7,69,9
8,76,7
9,83,7
10,90,7
11,96,6
12,103,7
13,111,8
14,120,9
15,128,8
16,137,9
17,146,9
18,154,8
19,163,9
20,171,8
21,181,10
22,190,9
23,199,9
24,208,9
25,217,9
26,226,9
